"gam" "nu"
0.15 0.28
0.9 0.64
0.54 0.05
0.15 0.2
0.76 0.35
0.16 0.08
0.45 0.73
0.22 0.55
0.84 0.36
0.5 0.71
0.36 0.76
0.54 0.29
0.3 0.58
0.68 0.41
0.48 0.18
0.26 0.1
0.52 0.49
0.25 0.4
0.16 0.07
0.27 0.96
0.73 0.16
0.98 0.17
0.78 0.93
0.1 0.16
0.97 0.95
0.84 0.97
0.88 0.94
0.5 0.81
0.72 0.78
0.38 0.36
0.17 0.85
0.89 0.69
0.49 0.41
0.3 0.82
0.14 0.13
0.42 0.88
0.13 0.01
0.97 0.96
0.25 0.87
0.93 0.98
0.09 0.43
0.76 0.27
0.01 0.54
0.35 0.04
0.69 0.71
0.61 0.5
0.12 0.04
0.66 0.24
0.04 0.19
0.24 0.51
0.59 0.1
0.67 0.73
0.85 0.35
0.87 0.55
0.28 0.34
0.41 0.49
0.8 0.32
0.93 0.31
0.05 0.93
0.69 0.89
0.01 0.51
0.73 0.14
0.54 0.6
0.05 0.37
0.62 0.5
0.03 0.59
0.27 0.29
0.35 0.01
0.32 0.83
0.73 0.45
0.89 0.09
0.74 0.21
0.41 0.97
0.37 0.56
0.11 0.27
0.78 0.5
0.05 0.51
0.46 0.01
0.16 0.42
0.35 0.14
0.65 0.97
0.2 0.84
0.17 0.34
0.31 0.28
0.04 0.32
0.32 0.87
0.76 0.94
0.14 0.32
0.26 0.98
0.42 0.17
0.47 0.48
0.26 0.08
0.92 0.09
0.9 0.36
0.98 0.12
0.3 0.86
0.49 0.6
0.54 0.52
0.88 0.23
0.04 0.25
0.42 0.97
0.84 0.77
0.38 0.4
0.28 0.36
0.04 0.59
0.81 0.45
0.51 0.64
0.87 0.15
0.43 0.49
0.37 0.24
0.58 0.18
0.67 0.92
0.78 0.05
0.35 0.53
0.88 0.72
0.17 0.59
0.24 0.77
0.94 0.51
0.28 0.43
0.05 0.36
0.87 0.57
0.66 0.06
0.49 0.99
0.43 0.93
0.24 0.99
0.93 0.95
0.46 0.28
0.04 0.42
0.68 0.09
0.71 0.57
0.79 0.62
0.49 0.29
0.78 0.07
0.88 0.75
0.26 0.53
0.38 0.48
0.58 0.84
0.49 0.91
0.71 0.87
0.63 0.63
0.27 0.86
0.06 0.28
0.57 0.12
0.51 0.54
0.29 0.99
0.88 0.22
0.9 0.16
0.25 0.61
0.28 0.4
0.9 0.63
0.02 0.22
0.63 0.25
0.55 0.16
0.36 0.67
0.85 0.41
0.24 0.41
0.7 0.4
0.86 0.27
0.38 0.95
0.51 0.42
0.93 0.87
0.22 0.41
0.3 0.01
0.7 0.91
0.47 0.07
0.73 0.86
0.36 0.39
0.02 0.44
0.85 0.19
0.6 0.05
0.21 0.89
0.24 0.46
0.61 0.76
0.57 0.2
0.81 0.62
0.7 0.79
0.49 0.23
0.49 0.65
0.86 0.58
0.54 0.2
0.66 0.84
0.86 0.62
0.22 0.63
0.13 0.64
0.07 0.01
0.6 0.22
0.54 0.62
0.84 0.54
0.05 0.56
0.93 0.88
0.49 0.62
0.73 0.39
0.25 0.57
0.9 0.83
0.32 0.88
0.52 0.35
0.2 0.04
0.45 0.37
0.82 0.19
0.75 0.47
0.96 0.67
0.28 0.73
0.18 0.47
0.35 0.22
0.46 0.71
0.91 0.29
0.47 0.69
0.05 0.33
0.51 0.77
0.97 0.27
0.59 0.11
0.37 0.58
0.16 0.76
0.41 0.07
0.32 0.16
0.16 0.37
0.36 0.62
0.93 0.3
0.18 0.16
0.57 0.63
0.72 0.68
0.95 0.47
0.71 0.49
0.21 0.37
0.66 0.37
0.3 0.75
0.5 0.79
0.62 0.98
0.45 0.6
0.95 0.28
0.18 0.93
0.14 0.41
0.52 0.96
0.78 0.58
0.13 0.5
0.21 0.64
0.94 0.84
0.57 0.41
0.91 0.76
0.8 0.48
0.86 0.82
0.37 0.67
0.86 0.07
0.31 0.13
0.88 0.62
0.59 0.8
0.63 0.67
0.67 0.22
0.33 0.37
0.18 0.46
0.12 0.53
0.02 0.15
0.05 0.17
0.55 0.35
0.49 0.75
0.56 0.65
0.61 0.8
0.93 0.68
0.92 0.86
0.07 0.87
0.93 0.22
0.91 0.24
0.95 0.36
0.36 0.99
0.58 0.15
0.17 0.11
0.11 0.91
0.19 0.43
0.95 0.18
0.98 0.61
0.33 0.93
0.55 0.43
0.81 0.32
0.67 0.49
0.58 0.62
0.73 0.28
0.79 0.92
0.13 0.78
0.67 0.11
0.59 0.59
0.39 0.53
0.3 0.93
0.57 0.04
0.47 0.9
0.6 0.93
0.73 0.01
0.87 0.71
0.44 0.88
0.86 0.13
0.12 0.88
0.09 0.14
0.36 0.1
0.43 0.09
0.74 0.09
0.47 0.02
0.96 0.97
0.35 0.44
0.1 0.01
0.66 0.73
0.99 0.97
0.95 0.04
0.4 0.88
0.75 0.41
0.5 0.23
0.79 0.12
0.38 0.44
0.32 0.59
0.95 0.49
0.7 0.9
0.15 0.64
0.99 0.34
0.42 0.82
0.27 0.71
0.61 0.39
0.06 0.42
0.57 0.5
0.7 0.49
0.77 0.88
0.86 0.26
0.38 0.18
0.89 0.4
0.62 0.43
0.58 0.03
0.21 0.17
0.87 0.32
0.41 0.03
0.49 0.76
0.11 0.3
0.62 0.27
0.19 0.41
0.63 0.17
0.66 0.14
0.78 0.95
0.71 0.8
0.32 0.14
0.27 0.06
0.27 0.16
0.03 0.54
0.82 0.2
0.84 0.72
0.26 0.81
0.42 0.32
0.55 0.99
0.85 0.77
0.41 0.08
0.94 0.92
0.04 0.54
0.94 0.65
0.35 0.67
0.03 0.52
0.23 0.57
0.36 0.43
0.87 0.42
0.16 0.48
0.14 0.15
0.73 0.54
0.92 0.26
0.64 0.81
0.25 0.29
0.51 0.37
0.7 0.64
0.23 0.61
0.59 0.43
0.22 0.13
0.09 0.55
0.59 0.32
0.64 0.7
0.63 0.73
0.88 0.74
0.17 0.3
0.64 0.93
0.9 0.05
0.63 0.42
0.37 0.25
0.97 0.38
0.85 0.58
0.66 0.59
0.37 0.19
0.38 0.52
0.02 0.83
0.29 0.62
0.85 0.27
0.45 0.46
0.2 0.87
0.25 0.37
0.54 0.55
0.52 0.95
0.4 0.24
0.54 0.4
0.32 0.66
0.45 0.39
0.67 0.79
0.19 0.69
0.21 0.11
0.01 0.63
0.57 0.29
0.13 0.88
0.13 0.48
0.04 0.37
0.08 0.61
0.46 0.06
0.59 0.06
0.72 0.76
0.98 0.94
0.4 0.26
0.98 0.49
0.3 0.25
0.73 0.27
0.79 0.9
0.76 0.39
0.23 0.53
0.3 0.65
0.49 0.96
0.67 0.36
0.72 0.21
0.6 0.71
0.33 0.67
0.19 0.04
0.53 0.9
0.66 0.96
0.02 0.33
0.22 0.04
0.1 0.97
0.58 0.78
0.91 0.15
0.95 0.03
0.42 0.22
0.5 0.6
0.21 0.57
0.08 0.5
0.6 0.7
0.07 0.54
0.28 0.24
0.53 0.59
0.27 0.03
0.24 0.28
0.23 0.5
0.39 0.44
0.19 0.16
0.87 0.76
0.46 0.02
0.81 0.72
0.16 0.25
0.71 0.82
0.14 0.26
0.49 0.9
0.9 0.77
0.75 0.23
0.79 0.84
0.98 0.99
0.05 0.99
0.9 0.92
0.17 0.84
0.35 0.89
0.75 0.03
0.39 0.14
0.83 0.73
0.49 0.44
0.47 0.09
0.9 0.33
0.33 0.42
0.94 0.19
0.44 0.17
0.38 0.5
0.6 0.97
0.16 0.21
0.47 0.88
0.67 0.27
0.34 0.98
0.53 0.42
0.03 0.91
0.39 0.05
0.86 0.93
0.73 0.51
0.77 0.51
0.22 0.8
0.46 0.29
0.22 0.31
0.51 0.69
0.23 0.34
0.5 0.43
0.02 0.6
0.66 0.03
0.83 0.61
0.05 0.67
0.63 0.9
0.88 0.02
0.69 0.69
0.11 0.17
0.49 0.81
0.89 0.78
0.51 0.7
0.55 0.72
0.69 0.09
0.47 0.92
0.47 0.34
0.84 0.07
0.27 0.82
0.73 0.63
0.42 0.57
0.72 0.1
0.68 0.08
0.23 0.21
0.25 0.03
0.11 0.68
0.59 0.53
0.78 0.82
0.92 0.69
0.32 0.74
0.29 0.86
0.53 0.83
0.32 0.79
0.44 0.56
0.12 0.92
0.25 0.07
0.02 0.96
0.56 0.58
0.07 0.56
0.4 0.9
0.12 0.93
0.85 0.16
0.81 0.12
0.39 0.28
0.52 0.98
0.26 0.85
0.94 0.81
0.08 0.74
0.76 0.1
0.1 0.89
0.37 0.74
0.93 0.71
0.72 0.34
0.02 0.82
0.32 0.36
0.5 0.74
0.71 0.12
0.36 0.02
0.82 0.83
0.08 0.75
0.2 0.24
0.55 0.42
0.25 0.67
0.7 0.69
0.05 0.96
0.79 0.91
0.3 0.94
0.22 0.99
0.1 0.06
0.61 0.49
0.95 0.93
0.5 0.17
0.3 0.04
0.77 0.38
0.1 0.32
0.79 0.33
0.36 0.46
0.33 0.29
0.42 0.62
0.48 0.55
0.34 0.08
0.78 0.9
0.41 0.37
0.85 0.68
0.08 0.03
0.48 0.91
0.08 0.32
0.65 0.26
0.67 0.37
0.98 0.4
0.73 0.8
0.13 0.04
0.85 0.13
0.88 0.21
0.06 0.26
0.18 0.88
0.09 0.98
0.04 0.14
0.98 0.96
0.88 0.92
0.38 0.57
0.95 0.27
0.98 0.21
0.53 0.1
0.96 0.89
0.21 0.71
0.55 0.45
0.19 0.6
0.9 0.11
0.8 0.62
0.65 0.68
0.3 0.78
0.61 0.9
0.7 0.38
0.35 0.38
0.23 0.38
0.3 0.16
0.37 0.78
0.86 0.61
0.14 0.5
0.43 0.64
0.35 0.26
0.62 0.22
0.63 0.27
0.27 0.9
0.63 0.37
0.92 0.81
0.61 0.45
0.37 0.79
0.6 0.32
0.5 0.76
0.83 0.44
0.1 0.34
0.53 0.97
0.86 0.4
0.15 0.35
0.51 0.02
0.75 0.14
0.47 0.52
0.11 0.05
0.46 0.7
0.59 0.04
0.03 0.84
0.83 0.49
0.18 0.9
0.4 0.08
0.67 0.74
0.25 0.44
0.62 0.47
0.41 0.2
0.22 0.28
0.49 0.72
0.55 0.15
0.19 0.79
0.47 0.63
0.7 0.61
0.21 0.43
0.46 0.6
0.1 0.96
0.31 0.89
0.43 0.96
0.45 0.96
0.7 0.22
0.53 0.75
0.88 0.2
0.61 0.07
0.28 0.39
0.99 0.46
0.69 0.99
0.52 0.63
0.27 0.5
0.06 0.25
0.04 0.09
0.17 0.17
0.53 0.72
0.27 0.47
0.48 0.38
0.97 0.7
0.07 0.24
0.23 0.35
0.49 0.16
0.71 0.13
0.84 0.09
0.33 0.07
0.22 0.12
0.79 0.23
0.68 0.18
0.87 0.18
0.54 0.92
0.63 0.18
0.28 0.32
0.25 0.14
0.97 0.13
0.88 0.52
0.58 0.4
0.6 0.02
0.68 0.98
0.18 0.35
0.15 0.27
0.45 0.05
0.91 0.69
0.41 0.1
0.53 0.22
0.37 0.6
0.45 0.68
0.87 0.96
0.37 0.88
0.11 0.77
0.48 0.93
0.42 0.2
0.78 0.96
0.03 0.16
0.17 0.88
0.13 0.21
0.79 0.2
0.71 0.62
0.26 0.32
0.2 0.8
0.76 0.37
0.41 0.13
0.19 0.67
0.25 0.62
0.97 0.59
0.12 0.42
0.51 0.14
0.86 0.56
0.47 0.06
0.98 0.71
0.62 0.73
0.23 0.41
0.89 0.36
0.13 0.34
0.08 0.28
0.8 0.31
0.81 0.09
0.41 0.25
0.36 0.61
0.47 0.74
0.28 0.84
0.4 0.85
0.36 0.44
0.46 0.21
0.13 0.74
0.6 0.94
0.27 0.74
0.94 0.41
0.15 0.48
0.58 0.06
0.03 0.05
0.51 0.11
0.9 0.3
0.93 0.08
0.19 0.85
0.2 0.47
0.2 0.17
0.79 0.31
0.88 0.57
0.59 0.85
0.3 0.74
0.49 0.8
0.98 0.38
0.73 0.92
0.74 0.99
0.66 0.16
0.89 0.17
0.61 0.98
0.8 0.78
0.24 0.04
0.71 0.46
0.65 0.63
0.45 0.17
0.89 0.56
0.26 0.44
0.98 0.06
0.19 0.58
0.24 0.97
0.08 0.01
0.79 0.75
0.66 0.58
0.11 0.82
0.96 0.41
0.96 0.99
0.51 0.62
0.35 0.47
0.79 0.63
0.91 0.87
0.1 0.87
0.84 0.08
0.95 0.26
0.06 0.23
0.54 0.3
0.85 0.5
0.12 0.78
0.4 0.6
0.3 0.2
0.51 0.5
0.98 0.07
0.94 0.01
0.84 0.87
0.1 0.67
0.57 0.75
0.98 0.76
0.41 0.82
0.46 0.64
0.08 0.21
0.33 0.22
0.59 0.98
0.62 0.8
0.3 0.47
0.55 0.02
0.83 0.13
0.78 0.18
0.76 0.46
0.68 0.78
0.96 0.52
0.03 0.66
0.06 0.13
0.73 0.25
0.16 0.1
0.83 0.39
0.85 0.06
0.92 0.41
0.18 0.52
0.9 0.22
0.26 0.14
0.17 0.98
0.62 0.85
0.74 0.74
0.98 0.25
0.06 0.67
0.93 0.38
0.56 0.28
0.56 0.8
0.62 0.19
0.76 0.11
0.72 0.84
0.82 0.18
0.39 0.27
0.17 0.12
0.97 0.14
0.45 0.15
0.03 0.61
0.8 0.45
0.41 0.73
0.23 0.54
0.14 0.52
0.29 0.69
0.62 0.99
0.71 0.95
0.59 0.48
0.39 0.46
0.39 0.07
0.31 0.7
0.22 0.21
0.31 0.91
0.92 0.04
0.08 0.77
0.82 0.67
0.88 0.69
0.66 0.79
0.52 0.99
0.13 0.99
0.27 0.98
0.44 0.18
0.23 0.26
0.64 0.99
0.41 0.85
0.01 0.92
0.53 0.47
0.33 0.68
0.73 0.82
0.28 0.26
0.75 0.6
0.8 0.91
0.63 0.31
0.4 0.15
0.64 0.8
0.7 0.59
0.1 0.33
0.32 0.76
0.76 0.36
0.53 0.25
0.73 0.4
0.32 0.8
0.54 0.03
0.01 0.41
0.32 0.17
0.17 0.31
0.96 0.54
0.44 0.31
0.34 0.13
0.3 0.92
0.37 0.18
0.31 0.49
0.69 0.91
0.1 0.28
0.62 0.37
0.85 0.78
0.04 0.46
0.67 0.08
0.1 0.57
0.58 0.07
0.08 0.66
0.37 0.26
0.94 0.1
0.07 0.09
0.45 0.94
0.1 0.75
0.03 0.76
0.19 0.52
0.75 0.3
0.09 0.4
0.5 0.68
0.4 0.98
0.51 0.35
0.22 0.16
0.15 0.3
0.13 0.1
0.18 0.48
0.62 0.45
0.64 0.49
0.51 0.67
0.45 0.42
0.1 0.77
0.59 0.73
0.66 0.05
0.75 0.64
0.71 0.39
0.31 0.4
0.52 0.41
0.17 0.35
0.82 0.09
0.83 0.23
0.39 0.16
0.47 0.41
0.61 0.43
0.28 0.35
0.09 0.04
0.58 0.21
0.68 0.06
0.88 0.45
0.15 0.72
0.58 0.81
0.3 0.32
0.56 0.57
0.54 0.65
0.66 0.19
0.82 0.02
0.33 0.77
0.33 0.94
0.44 0.27
0.76 0.68
0.28 0.25
0.72 0.48
0.74 0.67
0.19 0.12
0.58 0.29
0.01 0.25
0.66 0.97
0.56 0.21
0.45 0.72
0.72 0.39
0.62 0.23
0.83 0.53
0.06 0.87
0.35 0.82
0.28 0.45
0.52 0.52
0.81 0.96
0.52 0.69
0.43 0.59
0.65 0.51
0.81 0.07
0.02 0.69
0.39 0.82
0.69 0.73
0.26 0.64
0.6 0.49
0.02 0.92
0.42 0.19
0.81 0.68
0.24 0.2
0.48 0.09
0.15 0.53
0.25 0.23
0.3 0.31
0.7 0.51
0.97 0.63
0.85 0.76
0.49 0.93
0.73 0.12
0.29 0.8
0.2 0.36
0.59 0.57
0.54 0.88
0.06 0.83
0.02 0.19
0.19 0.53
0.8 0.05
0.09 0.47
0.66 0.55
